(kicad_pcb (version 20171130) (host pcbnew "(5.1.0-0)")

  (general
    (thickness 1.6)
    (drawings 30)
    (tracks 258)
    (zones 0)
    (modules 25)
    (nets 47)
  )

  (page A4)
  (layers
    (0 F.Cu signal)
    (31 B.Cu signal)
    (32 B.Adhes user)
    (33 F.Adhes user)
    (34 B.Paste user)
    (35 F.Paste user)
    (36 B.SilkS user)
    (37 F.SilkS user)
    (38 B.Mask user)
    (39 F.Mask user)
    (40 Dwgs.User user)
    (41 Cmts.User user)
    (42 Eco1.User user)
    (43 Eco2.User user)
    (44 Edge.Cuts user)
    (45 Margin user)
    (46 B.CrtYd user)
    (47 F.CrtYd user)
    (48 B.Fab user)
    (49 F.Fab user)
  )

  (setup
    (last_trace_width 0.25)
    (trace_clearance 0.2)
    (zone_clearance 0.508)
    (zone_45_only no)
    (trace_min 0.2)
    (via_size 0.8)
    (via_drill 0.4)
    (via_min_size 0.8)
    (via_min_drill 0.3)
    (uvia_size 0.3)
    (uvia_drill 0.1)
    (uvias_allowed no)
    (uvia_min_size 0.2)
    (uvia_min_drill 0.1)
    (edge_width 0.15)
    (segment_width 0.2)
    (pcb_text_width 0.3)
    (pcb_text_size 1.5 1.5)
    (mod_edge_width 0.15)
    (mod_text_size 1 1)
    (mod_text_width 0.15)
    (pad_size 1.524 1.524)
    (pad_drill 0.762)
    (pad_to_mask_clearance 0.2)
    (aux_axis_origin 100 180)
    (visible_elements 7FFFEFFF)
    (pcbplotparams
      (layerselection 0x010f0_ffffffff)
      (usegerberextensions true)
      (usegerberattributes false)
      (usegerberadvancedattributes false)
      (creategerberjobfile false)
      (excludeedgelayer true)
      (linewidth 0.150000)
      (plotframeref false)
      (viasonmask false)
      (mode 1)
      (useauxorigin false)
      (hpglpennumber 1)
      (hpglpenspeed 20)
      (hpglpendiameter 15.000000)
      (psnegative false)
      (psa4output false)
      (plotreference true)
      (plotvalue false)
      (plotinvisibletext false)
      (padsonsilk false)
      (subtractmaskfromsilk true)
      (outputformat 1)
      (mirror false)
      (drillshape 0)
      (scaleselection 1)
      (outputdirectory "GERBER/"))
  )

  (net 0 "")
  (net 1 GND)
  (net 2 +5VD)
  (net 3 "Net-(D1-Pad1)")
  (net 4 +3V3)
  (net 5 "Net-(D2-Pad1)")
  (net 6 "Net-(D3-Pad1)")
  (net 7 "Net-(D4-Pad1)")
  (net 8 "Net-(P1-Pad5)")
  (net 9 SCL)
  (net 10 SDA)
  (net 11 "Net-(P1-Pad15)")
  (net 12 LED_1)
  (net 13 LED_2)
  (net 14 LED_3)
  (net 15 "Net-(P2-Pad1)")
  (net 16 USB_CLK)
  (net 17 "Net-(P2-Pad3)")
  (net 18 COUT)
  (net 19 BRD_~RESET)
  (net 20 CCLK)
  (net 21 CDATA)
  (net 22 ~CLATCH1)
  (net 23 USB_PWR_ON)
  (net 24 "Net-(P1-Pad19)")
  (net 25 "Net-(P1-Pad12)")
  (net 26 "Net-(P1-Pad10)")
  (net 27 "Net-(P1-Pad8)")
  (net 28 "Net-(P1-Pad7)")
  (net 29 "Net-(P1-Pad3)")
  (net 30 "Net-(P1-Pad2)")
  (net 31 "Net-(P1-Pad1)")
  (net 32 "Net-(P4-Pad1)")
  (net 33 "Net-(P4-Pad2)")
  (net 34 "Net-(P4-Pad3)")
  (net 35 "Net-(P4-Pad4)")
  (net 36 "Net-(P4-Pad5)")
  (net 37 "Net-(P4-Pad7)")
  (net 38 "Net-(P4-Pad8)")
  (net 39 "Net-(P4-Pad9)")
  (net 40 "Net-(P4-Pad10)")
  (net 41 "Net-(P4-Pad14)")
  (net 42 "Net-(P4-Pad15)")
  (net 43 "Net-(P4-Pad16)")
  (net 44 "Net-(P4-Pad17)")
  (net 45 "Net-(P4-Pad18)")
  (net 46 "Net-(P4-Pad19)")

  (net_class Default "Dies ist die voreingestellte Netzklasse."
    (clearance 0.2)
    (trace_width 0.25)
    (via_dia 0.8)
    (via_drill 0.4)
    (uvia_dia 0.3)
    (uvia_drill 0.1)
    (add_net +3V3)
    (add_net +5VD)
    (add_net BRD_~RESET)
    (add_net CCLK)
    (add_net CDATA)
    (add_net COUT)
    (add_net GND)
    (add_net LED_1)
    (add_net LED_2)
    (add_net LED_3)
    (add_net "Net-(D1-Pad1)")
    (add_net "Net-(D2-Pad1)")
    (add_net "Net-(D3-Pad1)")
    (add_net "Net-(D4-Pad1)")
    (add_net "Net-(P1-Pad1)")
    (add_net "Net-(P1-Pad10)")
    (add_net "Net-(P1-Pad12)")
    (add_net "Net-(P1-Pad15)")
    (add_net "Net-(P1-Pad19)")
    (add_net "Net-(P1-Pad2)")
    (add_net "Net-(P1-Pad3)")
    (add_net "Net-(P1-Pad5)")
    (add_net "Net-(P1-Pad7)")
    (add_net "Net-(P1-Pad8)")
    (add_net "Net-(P2-Pad1)")
    (add_net "Net-(P2-Pad3)")
    (add_net "Net-(P4-Pad1)")
    (add_net "Net-(P4-Pad10)")
    (add_net "Net-(P4-Pad14)")
    (add_net "Net-(P4-Pad15)")
    (add_net "Net-(P4-Pad16)")
    (add_net "Net-(P4-Pad17)")
    (add_net "Net-(P4-Pad18)")
    (add_net "Net-(P4-Pad19)")
    (add_net "Net-(P4-Pad2)")
    (add_net "Net-(P4-Pad3)")
    (add_net "Net-(P4-Pad4)")
    (add_net "Net-(P4-Pad5)")
    (add_net "Net-(P4-Pad7)")
    (add_net "Net-(P4-Pad8)")
    (add_net "Net-(P4-Pad9)")
    (add_net SCL)
    (add_net SDA)
    (add_net USB_CLK)
    (add_net USB_PWR_ON)
    (add_net ~CLATCH1)
  )

  (module TO_SOT_Packages_THT:TO-92_Inline_Narrow_Oval (layer F.Cu) (tedit 58CE52AF) (tstamp 5C6D193D)
    (at 124.206 163.068 90)
    (descr "TO-92 leads in-line, narrow, oval pads, drill 0.6mm (see NXP sot054_po.pdf)")
    (tags "to-92 sc-43 sc-43a sot54 PA33 transistor")
    (path /55DD9079)
    (fp_text reference Q1 (at -0.889 -3.4925 270) (layer F.SilkS)
      (effects (font (size 1 1) (thickness 0.15)))
    )
    (fp_text value Q_NMOS_DGS (at 1.27 2.79 90) (layer F.Fab)
      (effects (font (size 1 1) (thickness 0.15)))
    )
    (fp_text user %R (at 1.27 -3.56 90) (layer F.Fab)
      (effects (font (size 1 1) (thickness 0.15)))
    )
    (fp_line (start -0.53 1.85) (end 3.07 1.85) (layer F.SilkS) (width 0.12))
    (fp_line (start -0.5 1.75) (end 3 1.75) (layer F.Fab) (width 0.1))
    (fp_line (start -1.46 -2.73) (end 4 -2.73) (layer F.CrtYd) (width 0.05))
    (fp_line (start -1.46 -2.73) (end -1.46 2.01) (layer F.CrtYd) (width 0.05))
    (fp_line (start 4 2.01) (end 4 -2.73) (layer F.CrtYd) (width 0.05))
    (fp_line (start 4 2.01) (end -1.46 2.01) (layer F.CrtYd) (width 0.05))
    (fp_arc (start 1.27 0) (end 1.27 -2.48) (angle 135) (layer F.Fab) (width 0.1))
    (fp_arc (start 1.27 0) (end 1.27 -2.6) (angle -135) (layer F.SilkS) (width 0.12))
    (fp_arc (start 1.27 0) (end 1.27 -2.48) (angle -135) (layer F.Fab) (width 0.1))
    (fp_arc (start 1.27 0) (end 1.27 -2.6) (angle 135) (layer F.SilkS) (width 0.12))
    (pad 2 thru_hole oval (at 1.27 0 270) (size 0.9 1.5) (drill 0.6) (layers *.Cu *.Mask)
      (net 23 USB_PWR_ON))
    (pad 3 thru_hole oval (at 2.54 0 270) (size 0.9 1.5) (drill 0.6) (layers *.Cu *.Mask)
      (net 15 "Net-(P2-Pad1)"))
    (pad 1 thru_hole rect (at 0 0 270) (size 0.9 1.5) (drill 0.6) (layers *.Cu *.Mask)
      (net 9 SCL))
    (model ${KISYS3DMOD}/TO_SOT_Packages_THT.3dshapes/TO-92_Inline_Narrow_Oval.wrl
      (offset (xyz 1.269999980926514 0 0))
      (scale (xyz 1 1 1))
      (rotate (xyz 0 0 -90))
    )
  )

  (module Capacitors_Elko_ThroughHole:Elko_vert_11.2x6.3mm_RM2.5_CopperClear (layer F.Cu) (tedit 55E00B2C) (tstamp 55DF03C3)
    (at 109.22 136.525 270)
    (descr "Electrolytic Capacitor, vertical, diameter 6,3mm, RM 2,5mm, CopperClear, radial,")
    (tags "Electrolytic Capacitor, vertical, diameter 6,3mm, RM 2,5mm, Elko, Electrolytkondensator, Kondensator gepolt, Durchmesser 6,3mm, CopperClear, radial,")
    (path /55DD3110)
    (fp_text reference C1 (at 3.556 -3.556 270) (layer F.SilkS)
      (effects (font (size 1 1) (thickness 0.15)))
    )
    (fp_text value 100u (at 1.3335 -1.905 270) (layer B.SilkS)
      (effects (font (size 1 1) (thickness 0.15)) (justify mirror))
    )
    (fp_line (start 0.26924 -1.69926) (end 0.76962 -1.69926) (layer F.SilkS) (width 0.15))
    (fp_line (start 0.26924 -1.69926) (end 0.26924 -2.19964) (layer F.SilkS) (width 0.15))
    (fp_line (start -0.23114 -1.69926) (end 0.26924 -1.69926) (layer F.SilkS) (width 0.15))
    (fp_line (start 0.26924 -1.69926) (end 0.26924 -1.30048) (layer F.SilkS) (width 0.15))
    (fp_line (start 0.26924 -1.30048) (end 0.26924 -1.19888) (layer F.SilkS) (width 0.15))
    (fp_circle (center 1.27 0) (end 4.4196 0) (layer F.SilkS) (width 0.15))
    (pad 2 thru_hole circle (at 2.54 0 270) (size 1.50114 1.50114) (drill 0.8001) (layers *.Cu *.Mask F.SilkS)
      (net 1 GND))
    (pad 1 thru_hole circle (at 0 0 270) (size 1.50114 1.50114) (drill 0.8001) (layers *.Cu *.Mask F.SilkS)
      (net 2 +5VD))
    (model Capacitors_Elko_ThroughHole.3dshapes/Elko_vert_11.2x6.3mm_RM2.5_CopperClear.wrl
      (at (xyz 0 0 0))
      (scale (xyz 1 1 1))
      (rotate (xyz 0 0 0))
    )
  )

  (module Capacitors_Elko_ThroughHole:Elko_vert_11.2x6.3mm_RM2.5_CopperClear (layer F.Cu) (tedit 5454A12B) (tstamp 55E03597)
    (at 112.522 165.544)
    (descr "Electrolytic Capacitor, vertical, diameter 6,3mm, RM 2,5mm, CopperClear, radial,")
    (tags "Electrolytic Capacitor, vertical, diameter 6,3mm, RM 2,5mm, Elko, Electrolytkondensator, Kondensator gepolt, Durchmesser 6,3mm, CopperClear, radial,")
    (path /55E0371F)
    (fp_text reference C2 (at -2.4765 -2.095 90) (layer F.SilkS)
      (effects (font (size 1 1) (thickness 0.15)))
    )
    (fp_text value 100uF (at 1.2065 -1.9045) (layer B.SilkS)
      (effects (font (size 1 1) (thickness 0.15)) (justify mirror))
    )
    (fp_line (start 0.26924 -1.69926) (end 0.76962 -1.69926) (layer F.SilkS) (width 0.15))
    (fp_line (start 0.26924 -1.69926) (end 0.26924 -2.19964) (layer F.SilkS) (width 0.15))
    (fp_line (start -0.23114 -1.69926) (end 0.26924 -1.69926) (layer F.SilkS) (width 0.15))
    (fp_line (start 0.26924 -1.69926) (end 0.26924 -1.30048) (layer F.SilkS) (width 0.15))
    (fp_line (start 0.26924 -1.30048) (end 0.26924 -1.19888) (layer F.SilkS) (width 0.15))
    (fp_circle (center 1.27 0) (end 4.4196 0) (layer F.SilkS) (width 0.15))
    (pad 2 thru_hole circle (at 2.54 0) (size 1.50114 1.50114) (drill 0.8001) (layers *.Cu *.Mask F.SilkS)
      (net 1 GND))
    (pad 1 thru_hole circle (at 0 0) (size 1.50114 1.50114) (drill 0.8001) (layers *.Cu *.Mask F.SilkS)
      (net 4 +3V3))
    (model Capacitors_Elko_ThroughHole.3dshapes/Elko_vert_11.2x6.3mm_RM2.5_CopperClear.wrl
      (at (xyz 0 0 0))
      (scale (xyz 1 1 1))
      (rotate (xyz 0 0 0))
    )
  )

  (module fdsp_pinheader:Pin_Header_Straight_2x10 locked (layer F.Cu) (tedit 0) (tstamp 5C6D18C0)
    (at 104.775 144.78)
    (descr "Through hole pin header")
    (tags "pin header")
    (path /55DC68F9)
    (fp_text reference P1 (at 3.175 -2.413) (layer F.SilkS)
      (effects (font (size 1 1) (thickness 0.15)))
    )
    (fp_text value CONN_02X10 (at 0 -3.1) (layer F.Fab)
      (effects (font (size 1 1) (thickness 0.15)))
    )
    (fp_line (start -1.55 -1.55) (end -1.55 0) (layer F.SilkS) (width 0.15))
    (fp_line (start 1.27 1.27) (end -1.27 1.27) (layer F.SilkS) (width 0.15))
    (fp_line (start 1.27 -1.27) (end 1.27 1.27) (layer F.SilkS) (width 0.15))
    (fp_line (start 0 -1.55) (end -1.55 -1.55) (layer F.SilkS) (width 0.15))
    (fp_line (start 3.81 -1.27) (end 1.27 -1.27) (layer F.SilkS) (width 0.15))
    (fp_line (start 3.81 24.13) (end -1.27 24.13) (layer F.SilkS) (width 0.15))
    (fp_line (start -1.27 1.27) (end -1.27 24.13) (layer F.SilkS) (width 0.15))
    (fp_line (start 3.81 24.13) (end 3.81 -1.27) (layer F.SilkS) (width 0.15))
    (fp_line (start -1.75 24.65) (end 4.3 24.65) (layer F.CrtYd) (width 0.05))
    (fp_line (start -1.75 -1.75) (end 4.3 -1.75) (layer F.CrtYd) (width 0.05))
    (fp_line (start 4.3 -1.75) (end 4.3 24.65) (layer F.CrtYd) (width 0.05))
    (fp_line (start -1.75 -1.75) (end -1.75 24.65) (layer F.CrtYd) (width 0.05))
    (pad 20 thru_hole oval (at 2.54 22.86) (size 1.7272 1.7272) (drill 1.016) (layers *.Cu *.Mask)
      (net 4 +3V3))
    (pad 19 thru_hole oval (at 0 22.86) (size 1.7272 1.7272) (drill 1.016) (layers *.Cu *.Mask)
      (net 24 "Net-(P1-Pad19)"))
    (pad 18 thru_hole oval (at 2.54 20.32) (size 1.7272 1.7272) (drill 1.016) (layers *.Cu *.Mask)
      (net 14 LED_3))
    (pad 17 thru_hole oval (at 0 20.32) (size 1.7272 1.7272) (drill 1.016) (layers *.Cu *.Mask)
      (net 13 LED_2))
    (pad 16 thru_hole oval (at 2.54 17.78) (size 1.7272 1.7272) (drill 1.016) (layers *.Cu *.Mask)
      (net 12 LED_1))
    (pad 15 thru_hole oval (at 0 17.78) (size 1.7272 1.7272) (drill 1.016) (layers *.Cu *.Mask)
      (net 11 "Net-(P1-Pad15)"))
    (pad 14 thru_hole oval (at 2.54 15.24) (size 1.7272 1.7272) (drill 1.016) (layers *.Cu *.Mask)
      (net 10 SDA))
    (pad 13 thru_hole oval (at 0 15.24) (size 1.7272 1.7272) (drill 1.016) (layers *.Cu *.Mask)
      (net 9 SCL))
    (pad 12 thru_hole oval (at 2.54 12.7) (size 1.7272 1.7272) (drill 1.016) (layers *.Cu *.Mask)
      (net 25 "Net-(P1-Pad12)"))
    (pad 11 thru_hole oval (at 0 12.7) (size 1.7272 1.7272) (drill 1.016) (layers *.Cu *.Mask)
      (net 1 GND))
    (pad 10 thru_hole oval (at 2.54 10.16) (size 1.7272 1.7272) (drill 1.016) (layers *.Cu *.Mask)
      (net 26 "Net-(P1-Pad10)"))
    (pad 9 thru_hole oval (at 0 10.16) (size 1.7272 1.7272) (drill 1.016) (layers *.Cu *.Mask)
      (net 1 GND))
    (pad 8 thru_hole oval (at 2.54 7.62) (size 1.7272 1.7272) (drill 1.016) (layers *.Cu *.Mask)
      (net 27 "Net-(P1-Pad8)"))
    (pad 7 thru_hole oval (at 0 7.62) (size 1.7272 1.7272) (drill 1.016) (layers *.Cu *.Mask)
      (net 28 "Net-(P1-Pad7)"))
    (pad 6 thru_hole oval (at 2.54 5.08) (size 1.7272 1.7272) (drill 1.016) (layers *.Cu *.Mask)
      (net 1 GND))
    (pad 5 thru_hole oval (at 0 5.08) (size 1.7272 1.7272) (drill 1.016) (layers *.Cu *.Mask)
      (net 8 "Net-(P1-Pad5)"))
    (pad 4 thru_hole oval (at 2.54 2.54) (size 1.7272 1.7272) (drill 1.016) (layers *.Cu *.Mask)
      (net 1 GND))
    (pad 3 thru_hole oval (at 0 2.54) (size 1.7272 1.7272) (drill 1.016) (layers *.Cu *.Mask)
      (net 29 "Net-(P1-Pad3)"))
    (pad 2 thru_hole oval (at 2.54 0) (size 1.7272 1.7272) (drill 1.016) (layers *.Cu *.Mask)
      (net 30 "Net-(P1-Pad2)"))
    (pad 1 thru_hole rect (at 0 0) (size 1.7272 1.7272) (drill 1.016) (layers *.Cu *.Mask)
      (net 31 "Net-(P1-Pad1)"))
    (model Pin_Headers.3dshapes/Pin_Header_Straight_2x10.wrl
      (offset (xyz 1.269999980926514 -11.42999982833862 0))
      (scale (xyz 1 1 1))
      (rotate (xyz 0 0 90))
    )
  )

  (module fdsp_pinheader:Pin_Header_Straight_1x02 (layer F.Cu) (tedit 54EA090C) (tstamp 5C6D190A)
    (at 103.205 136.935)
    (descr "Through hole pin header")
    (tags "pin header")
    (path /55E06A13)
    (fp_text reference P3 (at 2.586 3.527 270) (layer F.SilkS)
      (effects (font (size 1 1) (thickness 0.15)))
    )
    (fp_text value CONN_01X02 (at 0 -3.1) (layer F.Fab)
      (effects (font (size 1 1) (thickness 0.15)))
    )
    (fp_line (start 1.27 1.27) (end 1.27 3.81) (layer F.SilkS) (width 0.15))
    (fp_line (start 1.55 -1.55) (end 1.55 0) (layer F.SilkS) (width 0.15))
    (fp_line (start -1.75 -1.75) (end -1.75 4.3) (layer F.CrtYd) (width 0.05))
    (fp_line (start 1.75 -1.75) (end 1.75 4.3) (layer F.CrtYd) (width 0.05))
    (fp_line (start -1.75 -1.75) (end 1.75 -1.75) (layer F.CrtYd) (width 0.05))
    (fp_line (start -1.75 4.3) (end 1.75 4.3) (layer F.CrtYd) (width 0.05))
    (fp_line (start 1.27 1.27) (end -1.27 1.27) (layer F.SilkS) (width 0.15))
    (fp_line (start -1.55 0) (end -1.55 -1.55) (layer F.SilkS) (width 0.15))
    (fp_line (start -1.55 -1.55) (end 1.55 -1.55) (layer F.SilkS) (width 0.15))
    (fp_line (start -1.27 1.27) (end -1.27 3.81) (layer F.SilkS) (width 0.15))
    (fp_line (start -1.27 3.81) (end 1.27 3.81) (layer F.SilkS) (width 0.15))
    (pad 1 thru_hole rect (at 0 0) (size 2.032 2.032) (drill 1.016) (layers *.Cu *.Mask)
      (net 2 +5VD))
    (pad 2 thru_hole oval (at 0 2.54) (size 2.032 2.032) (drill 1.016) (layers *.Cu *.Mask)
      (net 1 GND))
    (model Pin_Headers.3dshapes/Pin_Header_Straight_1x02.wrl
      (offset (xyz 0 -1.269999980926514 0))
      (scale (xyz 1 1 1))
      (rotate (xyz 0 0 90))
    )
  )

  (module fdsp_pinheader:Pin_Header_Straight_2x10 locked (layer F.Cu) (tedit 0) (tstamp 5C6D191A)
    (at 132.715 144.78)
    (descr "Through hole pin header")
    (tags "pin header")
    (path /55DC6A0D)
    (fp_text reference P4 (at 2.921 25.654) (layer F.SilkS)
      (effects (font (size 1 1) (thickness 0.15)))
    )
    (fp_text value CONN_02X10 (at 0 -3.1) (layer F.Fab)
      (effects (font (size 1 1) (thickness 0.15)))
    )
    (fp_line (start -1.75 -1.75) (end -1.75 24.65) (layer F.CrtYd) (width 0.05))
    (fp_line (start 4.3 -1.75) (end 4.3 24.65) (layer F.CrtYd) (width 0.05))
    (fp_line (start -1.75 -1.75) (end 4.3 -1.75) (layer F.CrtYd) (width 0.05))
    (fp_line (start -1.75 24.65) (end 4.3 24.65) (layer F.CrtYd) (width 0.05))
    (fp_line (start 3.81 24.13) (end 3.81 -1.27) (layer F.SilkS) (width 0.15))
    (fp_line (start -1.27 1.27) (end -1.27 24.13) (layer F.SilkS) (width 0.15))
    (fp_line (start 3.81 24.13) (end -1.27 24.13) (layer F.SilkS) (width 0.15))
    (fp_line (start 3.81 -1.27) (end 1.27 -1.27) (layer F.SilkS) (width 0.15))
    (fp_line (start 0 -1.55) (end -1.55 -1.55) (layer F.SilkS) (width 0.15))
    (fp_line (start 1.27 -1.27) (end 1.27 1.27) (layer F.SilkS) (width 0.15))
    (fp_line (start 1.27 1.27) (end -1.27 1.27) (layer F.SilkS) (width 0.15))
    (fp_line (start -1.55 -1.55) (end -1.55 0) (layer F.SilkS) (width 0.15))
    (pad 1 thru_hole rect (at 0 0) (size 1.7272 1.7272) (drill 1.016) (layers *.Cu *.Mask)
      (net 32 "Net-(P4-Pad1)"))
    (pad 2 thru_hole oval (at 2.54 0) (size 1.7272 1.7272) (drill 1.016) (layers *.Cu *.Mask)
      (net 33 "Net-(P4-Pad2)"))
    (pad 3 thru_hole oval (at 0 2.54) (size 1.7272 1.7272) (drill 1.016) (layers *.Cu *.Mask)
      (net 34 "Net-(P4-Pad3)"))
    (pad 4 thru_hole oval (at 2.54 2.54) (size 1.7272 1.7272) (drill 1.016) (layers *.Cu *.Mask)
      (net 35 "Net-(P4-Pad4)"))
    (pad 5 thru_hole oval (at 0 5.08) (size 1.7272 1.7272) (drill 1.016) (layers *.Cu *.Mask)
      (net 36 "Net-(P4-Pad5)"))
    (pad 6 thru_hole oval (at 2.54 5.08) (size 1.7272 1.7272) (drill 1.016) (layers *.Cu *.Mask)
      (net 20 CCLK))
    (pad 7 thru_hole oval (at 0 7.62) (size 1.7272 1.7272) (drill 1.016) (layers *.Cu *.Mask)
      (net 37 "Net-(P4-Pad7)"))
    (pad 8 thru_hole oval (at 2.54 7.62) (size 1.7272 1.7272) (drill 1.016) (layers *.Cu *.Mask)
      (net 38 "Net-(P4-Pad8)"))
    (pad 9 thru_hole oval (at 0 10.16) (size 1.7272 1.7272) (drill 1.016) (layers *.Cu *.Mask)
      (net 39 "Net-(P4-Pad9)"))
    (pad 10 thru_hole oval (at 2.54 10.16) (size 1.7272 1.7272) (drill 1.016) (layers *.Cu *.Mask)
      (net 40 "Net-(P4-Pad10)"))
    (pad 11 thru_hole oval (at 0 12.7) (size 1.7272 1.7272) (drill 1.016) (layers *.Cu *.Mask)
      (net 22 ~CLATCH1))
    (pad 12 thru_hole oval (at 2.54 12.7) (size 1.7272 1.7272) (drill 1.016) (layers *.Cu *.Mask)
      (net 18 COUT))
    (pad 13 thru_hole oval (at 0 15.24) (size 1.7272 1.7272) (drill 1.016) (layers *.Cu *.Mask)
      (net 21 CDATA))
    (pad 14 thru_hole oval (at 2.54 15.24) (size 1.7272 1.7272) (drill 1.016) (layers *.Cu *.Mask)
      (net 41 "Net-(P4-Pad14)"))
    (pad 15 thru_hole oval (at 0 17.78) (size 1.7272 1.7272) (drill 1.016) (layers *.Cu *.Mask)
      (net 42 "Net-(P4-Pad15)"))
    (pad 16 thru_hole oval (at 2.54 17.78) (size 1.7272 1.7272) (drill 1.016) (layers *.Cu *.Mask)
      (net 43 "Net-(P4-Pad16)"))
    (pad 17 thru_hole oval (at 0 20.32) (size 1.7272 1.7272) (drill 1.016) (layers *.Cu *.Mask)
      (net 44 "Net-(P4-Pad17)"))
    (pad 18 thru_hole oval (at 2.54 20.32) (size 1.7272 1.7272) (drill 1.016) (layers *.Cu *.Mask)
      (net 45 "Net-(P4-Pad18)"))
    (pad 19 thru_hole oval (at 0 22.86) (size 1.7272 1.7272) (drill 1.016) (layers *.Cu *.Mask)
      (net 46 "Net-(P4-Pad19)"))
    (pad 20 thru_hole oval (at 2.54 22.86) (size 1.7272 1.7272) (drill 1.016) (layers *.Cu *.Mask)
      (net 23 USB_PWR_ON))
    (model Pin_Headers.3dshapes/Pin_Header_Straight_2x10.wrl
      (offset (xyz 1.269999980926514 -11.42999982833862 0))
      (scale (xyz 1 1 1))
      (rotate (xyz 0 0 90))
    )
  )

  (module digikey-footprints:SOT-23-3 (layer F.Cu) (tedit 59D275F3) (tstamp 5C72747D)
    (at 128.524 161.544 90)
    (path /5C64FC9A)
    (fp_text reference Q3 (at -2.667 0 180) (layer F.SilkS)
      (effects (font (size 1 1) (thickness 0.15)))
    )
    (fp_text value 2N7002 (at 0.025 3.25 90) (layer F.Fab)
      (effects (font (size 1 1) (thickness 0.15)))
    )
    (fp_line (start 0.7 1.52) (end 0.7 -1.52) (layer F.Fab) (width 0.1))
    (fp_line (start -0.7 1.52) (end 0.7 1.52) (layer F.Fab) (width 0.1))
    (fp_text user %R (at -0.125 0.15 90) (layer F.Fab)
      (effects (font (size 0.25 0.25) (thickness 0.05)))
    )
    (fp_line (start 0.825 -1.65) (end 0.825 -1.35) (layer F.SilkS) (width 0.1))
    (fp_line (start 0.45 -1.65) (end 0.825 -1.65) (layer F.SilkS) (width 0.1))
    (fp_line (start 0.825 1.65) (end 0.375 1.65) (layer F.SilkS) (width 0.1))
    (fp_line (start 0.825 1.35) (end 0.825 1.65) (layer F.SilkS) (width 0.1))
    (fp_line (start 0.825 1.425) (end 0.825 1.3) (layer F.SilkS) (width 0.1))
    (fp_line (start -0.825 1.65) (end -0.825 1.3) (layer F.SilkS) (width 0.1))
    (fp_line (start -0.35 1.65) (end -0.825 1.65) (layer F.SilkS) (width 0.1))
    (fp_line (start -0.425 -1.525) (end -0.7 -1.325) (layer F.Fab) (width 0.1))
    (fp_line (start -0.425 -1.525) (end 0.7 -1.525) (layer F.Fab) (width 0.1))
    (fp_line (start -0.7 -1.325) (end -0.7 1.525) (layer F.Fab) (width 0.1))
    (fp_line (start -0.825 -1.325) (end -1.6 -1.325) (layer F.SilkS) (width 0.1))
    (fp_line (start -0.825 -1.375) (end -0.825 -1.325) (layer F.SilkS) (width 0.1))
    (fp_line (start -0.45 -1.65) (end -0.825 -1.375) (layer F.SilkS) (width 0.1))
    (fp_line (start -0.175 -1.65) (end -0.45 -1.65) (layer F.SilkS) (width 0.1))
    (fp_line (start 1.825 -1.95) (end 1.825 1.95) (layer F.CrtYd) (width 0.05))
    (fp_line (start 1.825 1.95) (end -1.825 1.95) (layer F.CrtYd) (width 0.05))
    (fp_line (start -1.825 -1.95) (end -1.825 1.95) (layer F.CrtYd) (width 0.05))
    (fp_line (start -1.825 -1.95) (end 1.825 -1.95) (layer F.CrtYd) (width 0.05))
    (pad 1 smd rect (at -1.05 -0.95 90) (size 1.3 0.6) (layers F.Cu F.Paste F.Mask)
      (net 23 USB_PWR_ON) (solder_mask_margin 0.07))
    (pad 2 smd rect (at -1.05 0.95 90) (size 1.3 0.6) (layers F.Cu F.Paste F.Mask)
      (net 9 SCL) (solder_mask_margin 0.07))
    (pad 3 smd rect (at 1.05 0 90) (size 1.3 0.6) (layers F.Cu F.Paste F.Mask)
      (net 15 "Net-(P2-Pad1)") (solder_mask_margin 0.07))
  )

  (module digikey-footprints:SOT-23-3 (layer F.Cu) (tedit 59D275F3) (tstamp 5C727499)
    (at 128.524 155.956 180)
    (path /5C64FE99)
    (fp_text reference Q4 (at -0.127 2.921 180) (layer F.SilkS)
      (effects (font (size 1 1) (thickness 0.15)))
    )
    (fp_text value 2N7002 (at 0.025 3.25 180) (layer F.Fab)
      (effects (font (size 1 1) (thickness 0.15)))
    )
    (fp_line (start -1.825 -1.95) (end 1.825 -1.95) (layer F.CrtYd) (width 0.05))
    (fp_line (start -1.825 -1.95) (end -1.825 1.95) (layer F.CrtYd) (width 0.05))
    (fp_line (start 1.825 1.95) (end -1.825 1.95) (layer F.CrtYd) (width 0.05))
    (fp_line (start 1.825 -1.95) (end 1.825 1.95) (layer F.CrtYd) (width 0.05))
    (fp_line (start -0.175 -1.65) (end -0.45 -1.65) (layer F.SilkS) (width 0.1))
    (fp_line (start -0.45 -1.65) (end -0.825 -1.375) (layer F.SilkS) (width 0.1))
    (fp_line (start -0.825 -1.375) (end -0.825 -1.325) (layer F.SilkS) (width 0.1))
    (fp_line (start -0.825 -1.325) (end -1.6 -1.325) (layer F.SilkS) (width 0.1))
    (fp_line (start -0.7 -1.325) (end -0.7 1.525) (layer F.Fab) (width 0.1))
    (fp_line (start -0.425 -1.525) (end 0.7 -1.525) (layer F.Fab) (width 0.1))
    (fp_line (start -0.425 -1.525) (end -0.7 -1.325) (layer F.Fab) (width 0.1))
    (fp_line (start -0.35 1.65) (end -0.825 1.65) (layer F.SilkS) (width 0.1))
    (fp_line (start -0.825 1.65) (end -0.825 1.3) (layer F.SilkS) (width 0.1))
    (fp_line (start 0.825 1.425) (end 0.825 1.3) (layer F.SilkS) (width 0.1))
    (fp_line (start 0.825 1.35) (end 0.825 1.65) (layer F.SilkS) (width 0.1))
    (fp_line (start 0.825 1.65) (end 0.375 1.65) (layer F.SilkS) (width 0.1))
    (fp_line (start 0.45 -1.65) (end 0.825 -1.65) (layer F.SilkS) (width 0.1))
    (fp_line (start 0.825 -1.65) (end 0.825 -1.35) (layer F.SilkS) (width 0.1))
    (fp_text user %R (at -0.125 0.15 180) (layer F.Fab)
      (effects (font (size 0.25 0.25) (thickness 0.05)))
    )
    (fp_line (start -0.7 1.52) (end 0.7 1.52) (layer F.Fab) (width 0.1))
    (fp_line (start 0.7 1.52) (end 0.7 -1.52) (layer F.Fab) (width 0.1))
    (pad 3 smd rect (at 1.05 0 180) (size 1.3 0.6) (layers F.Cu F.Paste F.Mask)
      (net 17 "Net-(P2-Pad3)") (solder_mask_margin 0.07))
    (pad 2 smd rect (at -1.05 0.95 180) (size 1.3 0.6) (layers F.Cu F.Paste F.Mask)
      (net 10 SDA) (solder_mask_margin 0.07))
    (pad 1 smd rect (at -1.05 -0.95 180) (size 1.3 0.6) (layers F.Cu F.Paste F.Mask)
      (net 23 USB_PWR_ON) (solder_mask_margin 0.07))
  )

  (module TO_SOT_Packages_THT:TO-92_Inline_Narrow_Oval (layer F.Cu) (tedit 58CE52AF) (tstamp 5C79AEC9)
    (at 123.444 154.432 270)
    (descr "TO-92 leads in-line, narrow, oval pads, drill 0.6mm (see NXP sot054_po.pdf)")
    (tags "to-92 sc-43 sc-43a sot54 PA33 transistor")
    (path /55DD9A11)
    (fp_text reference Q2 (at -2.159 1.5875) (layer F.SilkS)
      (effects (font (size 1 1) (thickness 0.15)))
    )
    (fp_text value Q_NMOS_DGS (at 1.27 2.79 270) (layer F.Fab)
      (effects (font (size 1 1) (thickness 0.15)))
    )
    (fp_arc (start 1.27 0) (end 1.27 -2.6) (angle 135) (layer F.SilkS) (width 0.12))
    (fp_arc (start 1.27 0) (end 1.27 -2.48) (angle -135) (layer F.Fab) (width 0.1))
    (fp_arc (start 1.27 0) (end 1.27 -2.6) (angle -135) (layer F.SilkS) (width 0.12))
    (fp_arc (start 1.27 0) (end 1.27 -2.48) (angle 135) (layer F.Fab) (width 0.1))
    (fp_line (start 4 2.01) (end -1.46 2.01) (layer F.CrtYd) (width 0.05))
    (fp_line (start 4 2.01) (end 4 -2.73) (layer F.CrtYd) (width 0.05))
    (fp_line (start -1.46 -2.73) (end -1.46 2.01) (layer F.CrtYd) (width 0.05))
    (fp_line (start -1.46 -2.73) (end 4 -2.73) (layer F.CrtYd) (width 0.05))
    (fp_line (start -0.5 1.75) (end 3 1.75) (layer F.Fab) (width 0.1))
    (fp_line (start -0.53 1.85) (end 3.07 1.85) (layer F.SilkS) (width 0.12))
    (fp_text user %R (at 1.27 -3.56 270) (layer F.Fab)
      (effects (font (size 1 1) (thickness 0.15)))
    )
    (pad 1 thru_hole rect (at 0 0 90) (size 0.9 1.5) (drill 0.6) (layers *.Cu *.Mask)
      (net 10 SDA))
    (pad 3 thru_hole oval (at 2.54 0 90) (size 0.9 1.5) (drill 0.6) (layers *.Cu *.Mask)
      (net 17 "Net-(P2-Pad3)"))
    (pad 2 thru_hole oval (at 1.27 0 90) (size 0.9 1.5) (drill 0.6) (layers *.Cu *.Mask)
      (net 23 USB_PWR_ON))
    (model ${KISYS3DMOD}/TO_SOT_Packages_THT.3dshapes/TO-92_Inline_Narrow_Oval.wrl
      (offset (xyz 1.269999980926514 0 0))
      (scale (xyz 1 1 1))
      (rotate (xyz 0 0 -90))
    )
  )

  (module fdsp_drillhole:MountingHole_3.7mm locked (layer F.Cu) (tedit 5C63C38A) (tstamp 5C7E753F)
    (at 103.759 176.53)
    (descr "Mounting Hole 3.7mm, no annular")
    (tags "mounting hole 3.7mm no annular")
    (fp_text reference REF** (at 0 -4.7) (layer F.SilkS) hide
      (effects (font (size 1 1) (thickness 0.15)))
    )
    (fp_text value MountingHole_3.7mm (at 0 4.7) (layer F.Fab) hide
      (effects (font (size 1 1) (thickness 0.15)))
    )
    (fp_circle (center 0 0) (end 3.95 0) (layer F.CrtYd) (width 0.05))
    (fp_circle (center 0 0) (end 3.7 0) (layer Cmts.User) (width 0.15))
    (pad 1 np_thru_hole circle (at 0 0) (size 3.7 3.7) (drill 3.7) (layers *.Cu *.Mask))
  )

  (module fdsp_drillhole:MountingHole_3.7mm locked (layer F.Cu) (tedit 5C63D3D3) (tstamp 5C7E754C)
    (at 136.271 176.53)
    (descr "Mounting Hole 3.7mm, no annular")
    (tags "mounting hole 3.7mm no annular")
    (fp_text reference REF**1 (at 0 -4.7) (layer F.SilkS) hide
      (effects (font (size 1 1) (thickness 0.15)))
    )
    (fp_text value MountingHole_3.7mm (at 0 4.7) (layer F.Fab) hide
      (effects (font (size 1 1) (thickness 0.15)))
    )
    (fp_circle (center 0 0) (end 3.95 0) (layer F.CrtYd) (width 0.05))
    (fp_circle (center 0 0) (end 3.7 0) (layer Cmts.User) (width 0.15))
    (pad 1 np_thru_hole circle (at 0 0) (size 3.7 3.7) (drill 3.7) (layers *.Cu *.Mask))
  )

  (module LEDs:LED_D3.0mm (layer F.Cu) (tedit 587A3A7B) (tstamp 5CD6A1C7)
    (at 129.779 137.811 180)
    (descr "LED, diameter 3.0mm, 2 pins")
    (tags "LED diameter 3.0mm 2 pins")
    (path /55DCA6C7)
    (fp_text reference D1 (at 1.27 -2.96 180) (layer F.SilkS)
      (effects (font (size 1 1) (thickness 0.15)))
    )
    (fp_text value LED (at 1.27 2.96 180) (layer F.Fab)
      (effects (font (size 1 1) (thickness 0.15)))
    )
    (fp_line (start 3.7 -2.25) (end -1.15 -2.25) (layer F.CrtYd) (width 0.05))
    (fp_line (start 3.7 2.25) (end 3.7 -2.25) (layer F.CrtYd) (width 0.05))
    (fp_line (start -1.15 2.25) (end 3.7 2.25) (layer F.CrtYd) (width 0.05))
    (fp_line (start -1.15 -2.25) (end -1.15 2.25) (layer F.CrtYd) (width 0.05))
    (fp_line (start -0.29 1.08) (end -0.29 1.236) (layer F.SilkS) (width 0.12))
    (fp_line (start -0.29 -1.236) (end -0.29 -1.08) (layer F.SilkS) (width 0.12))
    (fp_line (start -0.23 -1.16619) (end -0.23 1.16619) (layer F.Fab) (width 0.1))
    (fp_circle (center 1.27 0) (end 2.77 0) (layer F.Fab) (width 0.1))
    (fp_arc (start 1.27 0) (end 0.229039 1.08) (angle -87.9) (layer F.SilkS) (width 0.12))
    (fp_arc (start 1.27 0) (end 0.229039 -1.08) (angle 87.9) (layer F.SilkS) (width 0.12))
    (fp_arc (start 1.27 0) (end -0.29 1.235516) (angle -108.8) (layer F.SilkS) (width 0.12))
    (fp_arc (start 1.27 0) (end -0.29 -1.235516) (angle 108.8) (layer F.SilkS) (width 0.12))
    (fp_arc (start 1.27 0) (end -0.23 -1.16619) (angle 284.3) (layer F.Fab) (width 0.1))
    (pad 2 thru_hole circle (at 2.54 0 180) (size 1.8 1.8) (drill 0.9) (layers *.Cu *.Mask)
      (net 4 +3V3))
    (pad 1 thru_hole rect (at 0 0 180) (size 1.8 1.8) (drill 0.9) (layers *.Cu *.Mask)
      (net 3 "Net-(D1-Pad1)"))
    (model ${KISYS3DMOD}/LEDs.3dshapes/LED_D3.0mm.wrl
      (at (xyz 0 0 0))
      (scale (xyz 0.393701 0.393701 0.393701))
      (rotate (xyz 0 0 0))
    )
  )

  (module LEDs:LED_D3.0mm (layer F.Cu) (tedit 587A3A7B) (tstamp 5CD6A1D9)
    (at 123.739 137.811 180)
    (descr "LED, diameter 3.0mm, 2 pins")
    (tags "LED diameter 3.0mm 2 pins")
    (path /55DCA733)
    (fp_text reference D2 (at 1.27 -2.96 180) (layer F.SilkS)
      (effects (font (size 1 1) (thickness 0.15)))
    )
    (fp_text value LED (at 1.27 2.96 180) (layer F.Fab)
      (effects (font (size 1 1) (thickness 0.15)))
    )
    (fp_arc (start 1.27 0) (end -0.23 -1.16619) (angle 284.3) (layer F.Fab) (width 0.1))
    (fp_arc (start 1.27 0) (end -0.29 -1.235516) (angle 108.8) (layer F.SilkS) (width 0.12))
    (fp_arc (start 1.27 0) (end -0.29 1.235516) (angle -108.8) (layer F.SilkS) (width 0.12))
    (fp_arc (start 1.27 0) (end 0.229039 -1.08) (angle 87.9) (layer F.SilkS) (width 0.12))
    (fp_arc (start 1.27 0) (end 0.229039 1.08) (angle -87.9) (layer F.SilkS) (width 0.12))
    (fp_circle (center 1.27 0) (end 2.77 0) (layer F.Fab) (width 0.1))
    (fp_line (start -0.23 -1.16619) (end -0.23 1.16619) (layer F.Fab) (width 0.1))
    (fp_line (start -0.29 -1.236) (end -0.29 -1.08) (layer F.SilkS) (width 0.12))
    (fp_line (start -0.29 1.08) (end -0.29 1.236) (layer F.SilkS) (width 0.12))
    (fp_line (start -1.15 -2.25) (end -1.15 2.25) (layer F.CrtYd) (width 0.05))
    (fp_line (start -1.15 2.25) (end 3.7 2.25) (layer F.CrtYd) (width 0.05))
    (fp_line (start 3.7 2.25) (end 3.7 -2.25) (layer F.CrtYd) (width 0.05))
    (fp_line (start 3.7 -2.25) (end -1.15 -2.25) (layer F.CrtYd) (width 0.05))
    (pad 1 thru_hole rect (at 0 0 180) (size 1.8 1.8) (drill 0.9) (layers *.Cu *.Mask)
      (net 5 "Net-(D2-Pad1)"))
    (pad 2 thru_hole circle (at 2.54 0 180) (size 1.8 1.8) (drill 0.9) (layers *.Cu *.Mask)
      (net 4 +3V3))
    (model ${KISYS3DMOD}/LEDs.3dshapes/LED_D3.0mm.wrl
      (at (xyz 0 0 0))
      (scale (xyz 0.393701 0.393701 0.393701))
      (rotate (xyz 0 0 0))
    )
  )

  (module LEDs:LED_D3.0mm (layer F.Cu) (tedit 587A3A7B) (tstamp 5CD6A1EB)
    (at 117.739 137.811 180)
    (descr "LED, diameter 3.0mm, 2 pins")
    (tags "LED diameter 3.0mm 2 pins")
    (path /55DCA7A3)
    (fp_text reference D3 (at 1.27 -2.96 180) (layer F.SilkS)
      (effects (font (size 1 1) (thickness 0.15)))
    )
    (fp_text value LED (at 1.27 2.96 180) (layer F.Fab)
      (effects (font (size 1 1) (thickness 0.15)))
    )
    (fp_line (start 3.7 -2.25) (end -1.15 -2.25) (layer F.CrtYd) (width 0.05))
    (fp_line (start 3.7 2.25) (end 3.7 -2.25) (layer F.CrtYd) (width 0.05))
    (fp_line (start -1.15 2.25) (end 3.7 2.25) (layer F.CrtYd) (width 0.05))
    (fp_line (start -1.15 -2.25) (end -1.15 2.25) (layer F.CrtYd) (width 0.05))
    (fp_line (start -0.29 1.08) (end -0.29 1.236) (layer F.SilkS) (width 0.12))
    (fp_line (start -0.29 -1.236) (end -0.29 -1.08) (layer F.SilkS) (width 0.12))
    (fp_line (start -0.23 -1.16619) (end -0.23 1.16619) (layer F.Fab) (width 0.1))
    (fp_circle (center 1.27 0) (end 2.77 0) (layer F.Fab) (width 0.1))
    (fp_arc (start 1.27 0) (end 0.229039 1.08) (angle -87.9) (layer F.SilkS) (width 0.12))
    (fp_arc (start 1.27 0) (end 0.229039 -1.08) (angle 87.9) (layer F.SilkS) (width 0.12))
    (fp_arc (start 1.27 0) (end -0.29 1.235516) (angle -108.8) (layer F.SilkS) (width 0.12))
    (fp_arc (start 1.27 0) (end -0.29 -1.235516) (angle 108.8) (layer F.SilkS) (width 0.12))
    (fp_arc (start 1.27 0) (end -0.23 -1.16619) (angle 284.3) (layer F.Fab) (width 0.1))
    (pad 2 thru_hole circle (at 2.54 0 180) (size 1.8 1.8) (drill 0.9) (layers *.Cu *.Mask)
      (net 4 +3V3))
    (pad 1 thru_hole rect (at 0 0 180) (size 1.8 1.8) (drill 0.9) (layers *.Cu *.Mask)
      (net 6 "Net-(D3-Pad1)"))
    (model ${KISYS3DMOD}/LEDs.3dshapes/LED_D3.0mm.wrl
      (at (xyz 0 0 0))
      (scale (xyz 0.393701 0.393701 0.393701))
      (rotate (xyz 0 0 0))
    )
  )

  (module LEDs:LED_D3.0mm (layer F.Cu) (tedit 587A3A7B) (tstamp 5CD6A1FD)
    (at 135.739 137.811 180)
    (descr "LED, diameter 3.0mm, 2 pins")
    (tags "LED diameter 3.0mm 2 pins")
    (path /55DE29FA)
    (fp_text reference D4 (at 1.27 -2.96 180) (layer F.SilkS)
      (effects (font (size 1 1) (thickness 0.15)))
    )
    (fp_text value LED (at 1.27 2.96 180) (layer F.Fab)
      (effects (font (size 1 1) (thickness 0.15)))
    )
    (fp_arc (start 1.27 0) (end -0.23 -1.16619) (angle 284.3) (layer F.Fab) (width 0.1))
    (fp_arc (start 1.27 0) (end -0.29 -1.235516) (angle 108.8) (layer F.SilkS) (width 0.12))
    (fp_arc (start 1.27 0) (end -0.29 1.235516) (angle -108.8) (layer F.SilkS) (width 0.12))
    (fp_arc (start 1.27 0) (end 0.229039 -1.08) (angle 87.9) (layer F.SilkS) (width 0.12))
    (fp_arc (start 1.27 0) (end 0.229039 1.08) (angle -87.9) (layer F.SilkS) (width 0.12))
    (fp_circle (center 1.27 0) (end 2.77 0) (layer F.Fab) (width 0.1))
    (fp_line (start -0.23 -1.16619) (end -0.23 1.16619) (layer F.Fab) (width 0.1))
    (fp_line (start -0.29 -1.236) (end -0.29 -1.08) (layer F.SilkS) (width 0.12))
    (fp_line (start -0.29 1.08) (end -0.29 1.236) (layer F.SilkS) (width 0.12))
    (fp_line (start -1.15 -2.25) (end -1.15 2.25) (layer F.CrtYd) (width 0.05))
    (fp_line (start -1.15 2.25) (end 3.7 2.25) (layer F.CrtYd) (width 0.05))
    (fp_line (start 3.7 2.25) (end 3.7 -2.25) (layer F.CrtYd) (width 0.05))
    (fp_line (start 3.7 -2.25) (end -1.15 -2.25) (layer F.CrtYd) (width 0.05))
    (pad 1 thru_hole rect (at 0 0 180) (size 1.8 1.8) (drill 0.9) (layers *.Cu *.Mask)
      (net 7 "Net-(D4-Pad1)"))
    (pad 2 thru_hole circle (at 2.54 0 180) (size 1.8 1.8) (drill 0.9) (layers *.Cu *.Mask)
      (net 4 +3V3))
    (model ${KISYS3DMOD}/LEDs.3dshapes/LED_D3.0mm.wrl
      (at (xyz 0 0 0))
      (scale (xyz 0.393701 0.393701 0.393701))
      (rotate (xyz 0 0 0))
    )
  )

  (module fdsp_connector:IDC_Header_Straight_10pins (layer F.Cu) (tedit 0) (tstamp 5CD6A20F)
    (at 115.062 175.26)
    (descr "10 pins through hole IDC header")
    (tags "IDC header socket VASCH")
    (path /55DC6F72)
    (fp_text reference P2 (at -7.239 -1.7145) (layer F.SilkS)
      (effects (font (size 1 1) (thickness 0.15)))
    )
    (fp_text value CONN_02X05 (at 5.08 5.223) (layer F.Fab) hide
      (effects (font (size 1 1) (thickness 0.15)))
    )
    (fp_line (start -5.08 -5.82) (end 15.24 -5.82) (layer F.SilkS) (width 0.15))
    (fp_line (start -4.54 -5.27) (end 14.68 -5.27) (layer F.SilkS) (width 0.15))
    (fp_line (start -5.08 3.28) (end 15.24 3.28) (layer F.SilkS) (width 0.15))
    (fp_line (start -4.54 2.73) (end 2.83 2.73) (layer F.SilkS) (width 0.15))
    (fp_line (start 7.33 2.73) (end 14.68 2.73) (layer F.SilkS) (width 0.15))
    (fp_line (start 2.83 2.73) (end 2.83 3.28) (layer F.SilkS) (width 0.15))
    (fp_line (start 7.33 2.73) (end 7.33 3.28) (layer F.SilkS) (width 0.15))
    (fp_line (start -5.08 -5.82) (end -5.08 3.28) (layer F.SilkS) (width 0.15))
    (fp_line (start -4.54 -5.27) (end -4.54 2.73) (layer F.SilkS) (width 0.15))
    (fp_line (start 15.24 -5.82) (end 15.24 3.28) (layer F.SilkS) (width 0.15))
    (fp_line (start 14.68 -5.27) (end 14.68 2.73) (layer F.SilkS) (width 0.15))
    (fp_line (start -5.08 -5.82) (end -4.54 -5.27) (layer F.SilkS) (width 0.15))
    (fp_line (start 15.24 -5.82) (end 14.68 -5.27) (layer F.SilkS) (width 0.15))
    (fp_line (start -5.08 3.28) (end -4.54 2.73) (layer F.SilkS) (width 0.15))
    (fp_line (start 15.24 3.28) (end 14.68 2.73) (layer F.SilkS) (width 0.15))
    (fp_line (start -5.35 -6.05) (end 15.5 -6.05) (layer F.CrtYd) (width 0.05))
    (fp_line (start 15.5 -6.05) (end 15.5 3.55) (layer F.CrtYd) (width 0.05))
    (fp_line (start 15.5 3.55) (end -5.35 3.55) (layer F.CrtYd) (width 0.05))
    (fp_line (start -5.35 3.55) (end -5.35 -6.05) (layer F.CrtYd) (width 0.05))
    (pad 1 thru_hole rect (at 0 0) (size 1.7272 1.7272) (drill 1.016) (layers *.Cu *.Mask)
      (net 15 "Net-(P2-Pad1)"))
    (pad 2 thru_hole oval (at 0 -2.54) (size 1.7272 1.7272) (drill 1.016) (layers *.Cu *.Mask)
      (net 16 USB_CLK))
    (pad 3 thru_hole oval (at 2.54 0) (size 1.7272 1.7272) (drill 1.016) (layers *.Cu *.Mask)
      (net 17 "Net-(P2-Pad3)"))
    (pad 4 thru_hole oval (at 2.54 -2.54) (size 1.7272 1.7272) (drill 1.016) (layers *.Cu *.Mask)
      (net 2 +5VD))
    (pad 5 thru_hole oval (at 5.08 0) (size 1.7272 1.7272) (drill 1.016) (layers *.Cu *.Mask)
      (net 18 COUT))
    (pad 6 thru_hole oval (at 5.08 -2.54) (size 1.7272 1.7272) (drill 1.016) (layers *.Cu *.Mask)
      (net 19 BRD_~RESET))
    (pad 7 thru_hole oval (at 7.62 0) (size 1.7272 1.7272) (drill 1.016) (layers *.Cu *.Mask)
      (net 20 CCLK))
    (pad 8 thru_hole oval (at 7.62 -2.54) (size 1.7272 1.7272) (drill 1.016) (layers *.Cu *.Mask)
      (net 21 CDATA))
    (pad 9 thru_hole oval (at 10.16 0) (size 1.7272 1.7272) (drill 1.016) (layers *.Cu *.Mask)
      (net 22 ~CLATCH1))
    (pad 10 thru_hole oval (at 10.16 -2.54) (size 1.7272 1.7272) (drill 1.016) (layers *.Cu *.Mask)
      (net 1 GND))
  )

  (module MyFootprints:Resistor_SMD+THTuniversal_0603to0805_RM7.5_HandSoldering_RevA_Date25Jun2010 (layer F.Cu) (tedit 5CC964A9) (tstamp 5CD6BB47)
    (at 111.76 146.431 270)
    (descr "Resistor, SMD and THT, universal, 0805 to 1206,RM10,  Hand soldering, Rev A, Date 25 Jun 2010,")
    (tags "Resistor, SMD and THT, universal, 0805 to 1206, RM10, Hand soldering, Rev A, Date 25 Jun 2010,")
    (path /55DC7A7D)
    (fp_text reference R1 (at 0.0635 -1.651 270) (layer F.SilkS)
      (effects (font (size 1 1) (thickness 0.15)))
    )
    (fp_text value 47R (at -0.1905 -0.0635 270) (layer B.SilkS)
      (effects (font (size 1 1) (thickness 0.15)) (justify mirror))
    )
    (fp_line (start 0 -0.44704) (end 0.09906 -0.44704) (layer F.SilkS) (width 0.15))
    (fp_line (start 0 -0.44704) (end -0.09906 -0.44704) (layer F.SilkS) (width 0.15))
    (fp_line (start 0 0.44704) (end -0.09906 0.44704) (layer F.SilkS) (width 0.15))
    (fp_line (start 0.09906 0.44704) (end 0 0.44704) (layer F.SilkS) (width 0.15))
    (fp_line (start 0 0.44704) (end 0.09906 0.44704) (layer F.SilkS) (width 0.15))
